id,chain,dept,category,company,brand,date,productsize,productmeasure,purchasequantity,purchaseamount
469510920,101,99,9909,107143070,5072,2012-05-25,12,OZ,1,1.99
1823880850,240,22,2210,103700030,5174,2012-05-25,44,OZ,2,12.58
611141094,211,69,6901,103700030,16139,2012-05-25,6,OZ,1,3.67
2957595639,165,21,2119,101200010,10522,2012-05-14,202.8,OZ,1,5.99
469510920,240,22,2210,103700030,5174,2012-05-21,44,OZ,2,12.58
611141094,165,21,2119,101200010,10522,2012-05-25,202.8,OZ,1,5.99
611141094,211,69,2210,103700030,5174,2012-05-25,6,OZ,1,3.67
469510920,101,99,6901,103700030,16139,2012-05-25,12,OZ,1,3.67
1823880850,240,22,2222,103700030,5122,2012-05-25,44,OZ,2,15.22
2957595639,396,26,2628,103700030,2248,2012-05-14,1,RL,1,2.69
4349820666,396,26,2628,103700030,2248,2012-12-24,1,RL,1,2.69
